;; -*- scheme -*-
(armature
  (name "Armature.002")
  (bones
    (bone
      (name      "Bone.010")
      (children )
      (parent    "Bone.009")
      (head      0.000000 0.000000 -0.000000)
      (length    0.609991073608)
      (matrix   -0.885631  0.281301 -0.369496  0.000000
                -0.399716 -0.056720  0.914883  0.000000
                 0.236400  0.957942  0.162673  0.000000
                 0.000000  0.000000  0.000000  1.000000)
      (quat      0.234692 -0.045868 0.645414 0.725435)
      (euler     79.917725 21.684511 162.378693)
     )

    (bone
      (name      "Bone.009")
      (children  "Bone.010")
      (parent    "Bone.008")
      (head      -0.000000 0.000000 0.000000)
      (length    0.528390228748)
      (matrix    0.984876 -0.173263  0.000002  0.000000
                 0.173263  0.984876  0.000000  0.000000
                -0.000002 -0.000000  1.000000  0.000000
                 0.000000  0.000000  0.000000  1.000000)
      (quat      0.996212 0.000000 -0.000001 -0.086961)
      (euler     0.000021 -0.000104 -9.977577)
     )

    (bone
      (name      "Bone.004")
      (children  "Bone.008")
      (parent    "Bone.017")
      (head      0.120711 -0.025305 0.000000)
      (length    0.669082939625)
      (matrix   -0.798969 -0.601373 -0.000000  0.000000
                 0.601373 -0.798969  0.000000  0.000000
                -0.000000 -0.000000  1.000000  0.000000
                 0.000000  0.000000  0.000000  1.000000)
      (quat      0.317042 0.000000 -0.000000 -0.948411)
      (euler     0.000001 0.000003 -143.031738)
     )

    (bone
      (name      "Bone.007")
      (children )
      (parent    "Bone.006")
      (head      -0.000000 0.000000 0.000000)
      (length    0.580758750439)
      (matrix   -0.940337 -0.203485  0.272691  0.000000
                 0.255785  0.105733  0.960934  0.000000
                -0.224368  0.973352 -0.047376  0.000000
                 0.000000  0.000000  0.000000  1.000000)
      (quat      0.171770 -0.018073 -0.723437 -0.668436)
      (euler     -87.177460 -164.175507 12.210286)
     )

    (bone
      (name      "Bone.006")
      (children  "Bone.007")
      (parent    "Bone.005")
      (head      0.000000 -0.000000 -0.000000)
      (length    0.460424721241)
      (matrix    0.975521  0.219905 -0.000003  0.000000
                -0.219905  0.975521  0.000000  0.000000
                 0.000003  0.000000  1.000000  0.000000
                 0.000000  0.000000  0.000000  1.000000)
      (quat      0.993861 -0.000000 0.000001 0.110632)
      (euler     0.000007 0.000158 12.703450)
     )

    (bone
      (name      "Bone.016")
      (children  "Bone.018")
      (parent    "Bone.015")
      (head      0.000000 0.000000 0.000000)
      (length    0.7483959198)
      (matrix    0.992324  0.120612 -0.027324  0.000000
                 0.020425 -0.377748 -0.925683  0.000000
                -0.121970  0.918019 -0.377312  0.000000
                 0.000000  0.000000  0.000000  1.000000)
      (quat      0.556162 -0.828762 -0.042545 0.045035)
      (euler     -112.175987 1.565737 6.930047)
     )

    (bone
      (name      "Bone.008")
      (children  "Bone.009")
      (parent    "Bone.004")
      (head      -0.000000 0.000000 0.000000)
      (length    0.534853637218)
      (matrix    0.817942 -0.575300 -0.000003  0.000000
                 0.575300  0.817942  0.000000  0.000000
                 0.000002 -0.000002  1.000000  0.000000
                 0.000000  0.000000  0.000000  1.000000)
      (quat      0.953400 0.000000 0.000001 -0.301710)
      (euler     0.000003 0.000157 -35.120655)
     )

    (bone
      (name      "Bone.020")
      (children )
      (parent    "Bone.019")
      (head      0.000000 0.000000 0.000000)
      (length    0.78316706419)
      (matrix    1.000000 -0.000000  0.000000  0.000000
                -0.000000  0.786170  0.618010  0.000000
                -0.000000 -0.618010  0.786170  0.000000
                 0.000000  0.000000  0.000000  1.000000)
      (quat      0.945032 0.326978 -0.000000 0.000000)
      (euler     38.170944 -0.000017 -0.000001)
     )

    (bone
      (name      "Bone.019")
      (children  "Bone.020")
      (parent    "Bone.018")
      (head      0.000000 0.000000 0.000000)
      (length    0.885059118271)
      (matrix    1.000000 -0.000000 -0.000000  0.000000
                -0.000000  0.904786 -0.425867  0.000000
                 0.000000  0.425867  0.904786  0.000000
                 0.000000  0.000000  0.000000  1.000000)
      (quat      0.975906 -0.218191 0.000000 -0.000000)
      (euler     -25.205572 0.000022 -0.000006)
     )

    (bone
      (name      "Bone.018")
      (children  "Bone.019")
      (parent    "Bone.016")
      (head      0.000000 -0.000000 0.000000)
      (length    0.71182602644)
      (matrix    0.999458 -0.018364 -0.027324  0.000000
                -0.011594  0.580457 -0.814208  0.000000
                 0.030813  0.814084  0.579929  0.000000
                 0.000000  0.000000  0.000000  1.000000)
      (quat      0.888798 -0.458004 0.016353 -0.001904)
      (euler     -54.539196 1.565734 -1.052639)
     )

    (bone
      (name      "Bone.015")
      (children  "Bone.016")
      (parent    "Bone")
      (head      0.000000 0.000000 0.000000)
      (length    0.392938047647)
      (matrix    0.994743 -0.102400  0.000000  0.000000
                 0.102400  0.994743  0.000000  0.000000
                -0.000000 -0.000000  1.000000  0.000000
                 0.000000  0.000000  0.000000  1.000000)
      (quat      0.998685 0.000000 -0.000000 -0.051268)
      (euler     0.000000 -0.000000 -5.877400)
     )

    (bone
      (name      "Bone.005")
      (children  "Bone.006")
      (parent    "Bone.003")
      (head      0.000000 0.000000 0.000000)
      (length    0.571729123592)
      (matrix    0.782333  0.622860  0.000001  0.000000
                -0.622860  0.782333  0.000000  0.000000
                -0.000000 -0.000000  1.000000  0.000000
                 0.000000  0.000000  0.000000  1.000000)
      (quat      0.944016 0.000000 -0.000000 0.329899)
      (euler     0.000003 -0.000030 38.525307)
     )

    (bone
      (name      "Bone.012")
      (children )
      (parent    "Bone.011")
      (head      -0.000000 -0.000000 -0.000000)
      (length    0.616346955299)
      (matrix   -0.601701 -0.639778  0.478163  0.000000
                 0.473508  0.196392  0.858615  0.000000
                -0.643230  0.743044  0.184771  0.000000
                 0.000000  0.000000  0.000000  1.000000)
      (quat      0.441436 0.065452 -0.635083 -0.630492)
      (euler     77.855347 -28.565475 -133.243271)
     )

    (bone
      (name      "Bone.013")
      (children  "Bone.014")
      (parent    "Bone.001")
      (head      0.000000 -0.000000 0.000000)
      (length    0.552089631557)
      (matrix    0.828948 -0.559326 -0.000001  0.000000
                 0.559326  0.828948  0.000000  0.000000
                 0.000000 -0.000000  1.000000  0.000000
                 0.000000  0.000000  0.000000  1.000000)
      (quat      0.956281 0.000000 0.000000 -0.292448)
      (euler     0.000002 0.000034 -34.009186)
     )

    (bone
      (name      "Bone.001")
      (children  "Bone.013")
      (parent    "Bone")
      (head      0.486525 0.028998 0.000000)
      (length    0.355913609266)
      (matrix   -0.662888 -0.748718  0.000000  0.000000
                 0.748718 -0.662888 -0.000000  0.000000
                 0.000000  0.000000  1.000000  0.000000
                 0.000000  0.000000  0.000000  1.000000)
      (quat      0.410556 -0.000000 0.000000 -0.911836)
      (euler     -0.000003 -0.000007 -131.520508)
     )

    (bone
      (name      "Bone.002")
      (children  "Bone.011")
      (parent    "Bone")
      (head      -0.360867 -0.016110 -0.000000)
      (length    0.393084317446)
      (matrix   -0.500073  0.865983  0.000000  0.000000
                -0.865983 -0.500073  0.000000  0.000000
                 0.000000 -0.000000  1.000000  0.000000
                 0.000000  0.000000  0.000000  1.000000)
      (quat      0.499964 0.000000 0.000000 0.866046)
      (euler     0.000002 -0.000003 120.004814)
     )

    (bone
      (name      "Bone.003")
      (children  "Bone.005")
      (parent    "Bone.017")
      (head      -0.080474 -0.013809 -0.000000)
      (length    0.692165970802)
      (matrix   -0.664364  0.747409  0.000000  0.000000
                -0.747409 -0.664364  0.000000  0.000000
                 0.000000 -0.000000  1.000000  0.000000
                 0.000000  0.000000  0.000000  1.000000)
      (quat      0.409656 0.000000 0.000000 0.912240)
      (euler     0.000000 -0.000000 131.633560)
     )

    (bone ;; a root bone
      (name      "Bone.017")
      (children  "Bone" "Bone.003" "Bone.004")
      (parent )
      (head      0.000000 0.979157 -0.000000)
      (length    0.259003162384)
      (matrix    1.000000  0.000000  0.000000  0.000000
                 0.000000  1.000000  0.000000  0.000000
                 0.000000  0.000000  1.000000  0.000000
                 0.000000  0.000000  0.000000  1.000000)
      (quat      1.000000 0.000000 0.000000 0.000000)
      (euler     0.000000 -0.000000 0.000000)
     )

    (bone
      (name      "Bone.011")
      (children  "Bone.012")
      (parent    "Bone.002")
      (head      0.000000 0.000000 0.000000)
      (length    0.563668131828)
      (matrix    0.666182  0.745789 -0.000000  0.000000
                -0.745789  0.666182  0.000000  0.000000
                 0.000000 -0.000000  1.000000  0.000000
                 0.000000  0.000000  0.000000  1.000000)
      (quat      0.912738 0.000000 0.000000 0.408545)
      (euler     0.000001 0.000001 48.226898)
     )

    (bone
      (name      "Bone")
      (children  "Bone.001" "Bone.002" "Bone.015")
      (parent    "Bone.017")
      (head      -0.000000 0.106902 0.000000)
      (length    0.844800710678)
      (matrix    1.000000  0.000000  0.000000  0.000000
                 0.000000  1.000000  0.000000  0.000000
                 0.000000  0.000000  1.000000  0.000000
                 0.000000  0.000000  0.000000  1.000000)
      (quat      1.000000 0.000000 0.000000 0.000000)
      (euler     0.000000 -0.000000 0.000000)
     )

    (bone
      (name      "Bone.014")
      (children )
      (parent    "Bone.013")
      (head      -0.000000 0.000000 0.000000)
      (length    0.541055560112)
      (matrix   -0.894525  0.417369 -0.160087  0.000000
                -0.200734 -0.055060  0.978097  0.000000
                 0.399413  0.907067  0.133033  0.000000
                 0.000000  0.000000  0.000000  1.000000)
      (quat      0.214154 0.082919 0.653152 0.721564)
      (euler     82.254608 9.211948 154.987091)
     )

  ) ;; bones
 ) ;; armature
