;; -*- scheme -*-
(armature
  (name "Armature.001")
  (bones
    (bone
      (name      "Bone.007")
      (children )
      (parent    "Bone.002")
      (head      0.000000 0.000000 0.000000)
      (length    1.41421353817)
      (matrix    0.707107 -0.000000 -0.707107  0.000000
                -0.707107 -0.000000 -0.707107  0.000000
                -0.000000  1.000000 -0.000000  0.000000
                 0.000000  0.000000  0.000000  1.000000)
      (quat      0.653281 -0.653282 0.270598 0.270598)
      (euler     -90.000015 45.000008 -0.000005)
     )

    (bone
      (name      "Bone.019")
      (children )
      (parent    "Bone.010")
      (head      0.000000 0.000000 0.000000)
      (length    1.41421365738)
      (matrix    0.000000 -1.000000  0.000000  0.000000
                -0.707107  0.000000  0.707107  0.000000
                -0.707107 -0.000000 -0.707107  0.000000
                 0.000000  0.000000  0.000000  1.000000)
      (quat      0.270598 0.653282 -0.653282 -0.270598)
      (euler     135.000015 -0.000005 -90.000000)
     )

    (bone
      (name      "Bone.018")
      (children )
      (parent    "Bone.010")
      (head      0.000000 0.000000 0.000000)
      (length    1.41421365738)
      (matrix    0.000000 -1.000000 -0.000000  0.000000
                 0.707107  0.000000 -0.707107  0.000000
                 0.707107  0.000000  0.707107  0.000000
                 0.000000  0.000000  0.000000  1.000000)
      (quat      0.653282 -0.270598 0.270598 -0.653281)
      (euler     -44.999996 0.000002 -90.000000)
     )

    (bone
      (name      "Bone.012")
      (children )
      (parent    "Bone.011")
      (head      0.000000 0.000000 0.000000)
      (length    1.41421353817)
      (matrix    0.000000  1.000000  0.000000  0.000000
                -0.707107  0.000000  0.707107  0.000000
                 0.707107 -0.000000  0.707107  0.000000
                 0.000000  0.000000  0.000000  1.000000)
      (quat      0.653282 0.270598 0.270598 0.653281)
      (euler     45.000008 -0.000002 89.999992)
     )

    (bone
      (name      "Bone.011")
      (children  "Bone.012" "Bone.014" "Bone.015" "Bone.016")
      (parent    "Bone")
      (head      0.000000 0.000000 0.000000)
      (length    2.0)
      (matrix    0.000000 -1.000000  0.000000  0.000000
                 1.000000  0.000000  0.000000  0.000000
                 0.000000  0.000000  1.000000  0.000000
                 0.000000  0.000000  0.000000  1.000000)
      (quat      0.707107 0.000000 0.000000 -0.707107)
      (euler     0.000000 -0.000000 -90.000000)
     )

    (bone
      (name      "Bone.010")
      (children  "Bone.017" "Bone.018" "Bone.019" "Bone.020" "Bone.021")
      (parent    "Bone")
      (head      0.000000 0.000000 0.000000)
      (length    2.0)
      (matrix    0.000000  1.000000  0.000000  0.000000
                -1.000000  0.000000  0.000000  0.000000
                 0.000000  0.000000  1.000000  0.000000
                 0.000000  0.000000  0.000000  1.000000)
      (quat      0.707107 0.000000 0.000000 0.707107)
      (euler     0.000000 -0.000000 90.000000)
     )

    (bone
      (name      "Bone.017")
      (children )
      (parent    "Bone.010")
      (head      0.000000 0.000000 0.000000)
      (length    1.41421353817)
      (matrix    0.000000 -1.000000 -0.000000  0.000000
                 0.707107  0.000000  0.707107  0.000000
                -0.707107 -0.000000  0.707107  0.000000
                 0.000000  0.000000  0.000000  1.000000)
      (quat      0.653282 0.270598 -0.270598 -0.653281)
      (euler     45.000008 0.000002 -89.999992)
     )

    (bone
      (name      "Bone.016")
      (children )
      (parent    "Bone.011")
      (head      0.000000 0.000000 0.000000)
      (length    1.41421365738)
      (matrix    0.000000  1.000000  0.000000  0.000000
                 0.707107  0.000000 -0.707107  0.000000
                -0.707107  0.000000 -0.707107  0.000000
                 0.000000  0.000000  0.000000  1.000000)
      (quat      0.270598 -0.653281 -0.653282 0.270598)
      (euler     -135.000000 -0.000008 90.000000)
     )

    (bone
      (name      "Bone.015")
      (children )
      (parent    "Bone.011")
      (head      0.000000 0.000000 0.000000)
      (length    1.41421341896)
      (matrix    0.000000  1.000000 -0.000000  0.000000
                 0.707107 -0.000000  0.707107  0.000000
                 0.707107 -0.000000 -0.707107  0.000000
                 0.000000  0.000000  0.000000  1.000000)
      (quat      0.270598 0.653282 0.653282 0.270598)
      (euler     135.000000 0.000003 90.000000)
     )

    (bone
      (name      "Bone.014")
      (children )
      (parent    "Bone.011")
      (head      0.000000 0.000000 0.000000)
      (length    1.41421365738)
      (matrix    0.000000  1.000000  0.000000  0.000000
                -0.707107  0.000000 -0.707107  0.000000
                -0.707107  0.000000  0.707107  0.000000
                 0.000000  0.000000  0.000000  1.000000)
      (quat      0.653282 -0.270598 -0.270598 0.653281)
      (euler     -44.999996 -0.000002 90.000000)
     )

    (bone
      (name      "Bone.024")
      (children )
      (parent    "Bone.022")
      (head      0.000000 0.000000 0.000000)
      (length    1.0)
      (matrix    0.000000 -1.000000  0.000000  0.000000
                 1.000000  0.000000  0.000000  0.000000
                 0.000000  0.000000  1.000000  0.000000
                 0.000000  0.000000  0.000000  1.000000)
      (quat      0.707107 0.000000 0.000000 -0.707107)
      (euler     0.000000 -0.000000 -90.000000)
     )

    (bone ;; a root bone
      (name      "Bone")
      (children  "Bone.001" "Bone.002" "Bone.010" "Bone.011" "Bone.022")
      (parent )
      (head      0.000000 -1.000000 -0.000000)
      (length    1.00000011921)
      (matrix    1.000000  0.000000  0.000000  0.000000
                 0.000000  1.000000  0.000000  0.000000
                 0.000000  0.000000  1.000000  0.000000
                 0.000000  0.000000  0.000000  1.000000)
      (quat      1.000000 0.000000 0.000000 0.000000)
      (euler     0.000000 -0.000000 0.000000)
     )

    (bone
      (name      "Bone.025")
      (children  "Bone.026")
      (parent    "Bone.023")
      (head      0.000000 0.000000 0.000000)
      (length    2.23606801033)
      (matrix   -0.894427 -0.447214 -0.000000  0.000000
                 0.447214 -0.894427  0.000000  0.000000
                -0.000000  0.000000  1.000000  0.000000
                 0.000000  0.000000  0.000000  1.000000)
      (quat      0.229753 0.000000 -0.000000 -0.973249)
      (euler     0.000002 0.000001 -153.434952)
     )

    (bone
      (name      "Bone.004")
      (children )
      (parent    "Bone.001")
      (head      0.000000 0.000000 0.000000)
      (length    1.41421353817)
      (matrix    0.707107 -0.000000 -0.707107  0.000000
                 0.707107 -0.000000  0.707107  0.000000
                -0.000000 -1.000000 -0.000000  0.000000
                 0.000000  0.000000  0.000000  1.000000)
      (quat      0.653281 0.653282 0.270598 -0.270598)
      (euler     90.000000 45.000008 -0.000009)
     )

    (bone
      (name      "Bone.023")
      (children  "Bone.025")
      (parent    "Bone.022")
      (head      0.000000 0.000000 0.000000)
      (length    1.0)
      (matrix    0.000000  1.000000  0.000000  0.000000
                -1.000000  0.000000  0.000000  0.000000
                 0.000000  0.000000  1.000000  0.000000
                 0.000000  0.000000  0.000000  1.000000)
      (quat      0.707107 0.000000 0.000000 0.707107)
      (euler     0.000000 -0.000000 90.000000)
     )

    (bone
      (name      "Bone.008")
      (children )
      (parent    "Bone.002")
      (head      0.000000 0.000000 0.000000)
      (length    1.41421353817)
      (matrix    0.707107  0.000000  0.707107  0.000000
                 0.707107 -0.000000 -0.707107  0.000000
                 0.000000  1.000000 -0.000000  0.000000
                 0.000000  0.000000  0.000000  1.000000)
      (quat      0.653281 -0.653282 -0.270598 -0.270598)
      (euler     -90.000015 -45.000008 0.000005)
     )

    (bone
      (name      "Bone.009")
      (children )
      (parent    "Bone.002")
      (head      0.000000 0.000000 0.000000)
      (length    1.0)
      (matrix    1.000000  0.000000  0.000000  0.000000
                 0.000000  1.000000  0.000000  0.000000
                 0.000000  0.000000  1.000000  0.000000
                 0.000000  0.000000  0.000000  1.000000)
      (quat      1.000000 0.000000 0.000000 0.000000)
      (euler     0.000000 -0.000000 0.000000)
     )

    (bone
      (name      "Bone.006")
      (children )
      (parent    "Bone.002")
      (head      0.000000 0.000000 0.000000)
      (length    2.0)
      (matrix   -1.000000  0.000000 -0.000000  0.000000
                 0.000000  0.000000  1.000000  0.000000
                 0.000000  1.000000 -0.000000  0.000000
                 0.000000  0.000000  0.000000  1.000000)
      (quat      0.000000 0.000000 0.707107 0.707107)
      (euler     90.000008 0.000000 180.000000)
     )

    (bone
      (name      "Bone.026")
      (children )
      (parent    "Bone.025")
      (head      0.000000 0.000000 0.000000)
      (length    2.0)
      (matrix   -0.894427  0.447214 -0.000000  0.000000
                -0.447214 -0.894427  0.000000  0.000000
                -0.000000  0.000000  1.000000  0.000000
                 0.000000  0.000000  0.000000  1.000000)
      (quat      0.229753 -0.000000 0.000000 0.973249)
      (euler     0.000001 0.000002 153.434952)
     )

    (bone
      (name      "Bone.001")
      (children  "Bone.003" "Bone.004" "Bone.005")
      (parent    "Bone")
      (head      0.000000 0.000000 0.000000)
      (length    2.0)
      (matrix    1.000000  0.000000  0.000000  0.000000
                 0.000000  0.000000 -1.000000  0.000000
                 0.000000  1.000000  0.000000  0.000000
                 0.000000  0.000000  0.000000  1.000000)
      (quat      0.707107 -0.707107 0.000000 0.000000)
      (euler     -90.000000 -0.000000 0.000000)
     )

    (bone
      (name      "Bone.002")
      (children  "Bone.006" "Bone.007" "Bone.008" "Bone.009")
      (parent    "Bone")
      (head      0.000000 0.000000 0.000000)
      (length    2.0)
      (matrix    1.000000  0.000000  0.000000  0.000000
                 0.000000 -0.000000  1.000000  0.000000
                 0.000000 -1.000000 -0.000000  0.000000
                 0.000000  0.000000  0.000000  1.000000)
      (quat      0.707107 0.707107 0.000000 0.000000)
      (euler     90.000008 -0.000000 0.000000)
     )

    (bone
      (name      "Bone.003")
      (children )
      (parent    "Bone.001")
      (head      0.000000 0.000000 0.000000)
      (length    1.41421353817)
      (matrix    0.707107  0.000000  0.707107  0.000000
                -0.707107 -0.000000  0.707107  0.000000
                 0.000000 -1.000000 -0.000000  0.000000
                 0.000000  0.000000  0.000000  1.000000)
      (quat      0.653281 0.653282 -0.270598 0.270598)
      (euler     90.000000 -45.000008 0.000009)
     )

    (bone
      (name      "Bone.022")
      (children  "Bone.023" "Bone.024")
      (parent    "Bone")
      (head      0.000000 0.000000 0.000000)
      (length    1.99999988079)
      (matrix    1.000000  0.000000  0.000000  0.000000
                 0.000000  1.000000  0.000000  0.000000
                 0.000000  0.000000  1.000000  0.000000
                 0.000000  0.000000  0.000000  1.000000)
      (quat      1.000000 0.000000 0.000000 0.000000)
      (euler     0.000000 -0.000000 0.000000)
     )

    (bone
      (name      "Bone.005")
      (children )
      (parent    "Bone.001")
      (head      0.000000 0.000000 0.000000)
      (length    2.0)
      (matrix   -1.000000  0.000000 -0.000000  0.000000
                 0.000000  0.000000 -1.000000  0.000000
                -0.000000 -1.000000 -0.000000  0.000000
                 0.000000  0.000000  0.000000  1.000000)
      (quat      0.000000 0.000000 0.707107 -0.707107)
      (euler     -90.000000 0.000000 180.000000)
     )

    (bone
      (name      "Bone.020")
      (children )
      (parent    "Bone.010")
      (head      0.000000 0.000000 0.000000)
      (length    1.41421365738)
      (matrix    0.000000 -1.000000 -0.000000  0.000000
                -0.707107  0.000000 -0.707107  0.000000
                 0.707107  0.000000 -0.707107  0.000000
                 0.000000  0.000000  0.000000  1.000000)
      (quat      0.270598 -0.653281 0.653282 -0.270598)
      (euler     -135.000000 0.000008 -90.000000)
     )

    (bone
      (name      "Bone.021")
      (children )
      (parent    "Bone.010")
      (head      0.000000 0.000000 0.000000)
      (length    1.0)
      (matrix    1.000000  0.000000  0.000000  0.000000
                 0.000000  1.000000  0.000000  0.000000
                 0.000000  0.000000  1.000000  0.000000
                 0.000000  0.000000  0.000000  1.000000)
      (quat      1.000000 0.000000 0.000000 0.000000)
      (euler     0.000000 -0.000000 0.000000)
     )

  ) ;; bones
 ) ;; armature
