;; -*- scheme -*-
(armature
  (name "Armature.002")
  (bones
    (bone
      (name      "Foot.L")
      (children  "Toes.L")
      (parent    "Lower Leg.L")
      (head      0.000000 0.000000 0.000000)
      (length    0.395793169737)
      (matrix    0.995549  0.094240  0.000001  0.000000
                -0.036263  0.383091 -0.922998  0.000000
                -0.086984  0.918891  0.384804  0.000000
                 0.000000  0.000000  0.000000  1.000000)
      (quat      0.831181 -0.553998 -0.026163 0.039252)
      (euler     -67.368454 -0.000070 5.407605)
     )

    (bone
      (name      "Upper Arm.L")
      (children  "Forearm.L")
      (parent    "Shoulder.L")
      (head      0.000000 -0.000000 -0.000000)
      (length    0.668369412422)
      (matrix    0.087390  0.139957  0.986294  0.000000
                -0.517030  0.852659 -0.075183  0.000000
                -0.851495 -0.503373  0.146876  0.000000
                 0.000000  0.000000  0.000000  1.000000)
      (quat      0.722310 0.148202 -0.636081 0.227391)
      (euler     -27.107162 -80.502777 58.019215)
     )

    ;; ignoring bone: IK_Lower Leg.R

    ;; ignoring bone: IK_Lower Leg.L

    (bone
      (name      "Upper Arm.R")
      (children  "Forearm.R")
      (parent    "Shoulder.R")
      (head      0.000000 0.000000 0.000000)
      (length    0.668369591236)
      (matrix    0.087403 -0.139970 -0.986291  0.000000
                 0.517036  0.852655 -0.075186  0.000000
                 0.851489 -0.503377  0.146894  0.000000
                 0.000000  0.000000  0.000000  1.000000)
      (quat      0.722314 0.148201 0.636073 -0.227396)
      (euler     -27.105177 80.501732 -58.017651)
     )

    (bone
      (name      "Foot.R")
      (children  "Toes.R")
      (parent    "Lower Leg.R")
      (head      0.000000 -0.000000 -0.000000)
      (length    0.39579051733)
      (matrix    0.995549 -0.094241 -0.000012  0.000000
                 0.036253  0.383094 -0.922998  0.000000
                 0.086989  0.918889  0.384805  0.000000
                 0.000000  0.000000  0.000000  1.000000)
      (quat      0.831181 -0.553997 0.026168 -0.039249)
      (euler     -67.368340 0.000708 -5.407614)
     )

    (bone
      (name      "Forearm.L")
      (children  "Hand.L")
      (parent    "Upper Arm.L")
      (head      0.000000 0.000000 0.000000)
      (length    0.403206884861)
      (matrix    0.652006 -0.181745 -0.736109  0.000000
                 0.163274  0.981725 -0.097768  0.000000
                 0.740426 -0.056442  0.669764  0.000000
                 0.000000  0.000000  0.000000  1.000000)
      (quat      0.908776 -0.011369 0.406188 -0.094913)
      (euler     -8.305038 47.401035 -15.575667)
     )

    (bone
      (name      "Toes.R")
      (children )
      (parent    "Foot.R")
      (head      0.000000 -0.000000 0.000000)
      (length    0.242309808731)
      (matrix   -1.000000  0.000004  0.000006  0.000000
                -0.000000  0.838955 -0.544201  0.000000
                -0.000007 -0.544201 -0.838955  0.000000
                 0.000000  0.000000  0.000000  1.000000)
      (quat      0.000000 0.000000 0.958894 -0.283765)
      (euler     32.970074 -179.999634 -0.000215)
     )

    (bone ;; a root bone
      (name      "Hip")
      (children  "Rower Back" "Upper Leg.R" "Upper Leg.L")
      (parent )
      (head      -0.000000 -0.919886 -1.144248)
      (length    0.373413532972)
      (matrix    1.000000 -0.000000  0.000000  0.000000
                -0.000000 -0.072101  0.997397  0.000000
                -0.000000 -0.997397 -0.072101  0.000000
                 0.000000  0.000000  0.000000  1.000000)
      (quat      0.681138 0.732155 -0.000000 0.000000)
      (euler     94.134697 -0.000000 -0.000000)
     )

    (bone
      (name      "Head")
      (children )
      (parent    "Neck")
      (head      0.000000 0.000000 -0.000000)
      (length    0.235751986504)
      (matrix   -1.000000 -0.000000  0.000000  0.000000
                -0.000000  0.513807  0.857906  0.000000
                -0.000000  0.857906 -0.513807  0.000000
                 0.000000  0.000000  0.000000  1.000000)
      (quat      0.000000 0.000000 0.870002 0.493048)
      (euler     -59.082279 -180.000000 0.000006)
     )

    (bone
      (name      "Shoulder.L")
      (children  "Upper Arm.L")
      (parent    "Upper Back")
      (head      0.129844 -0.045085 -0.049148)
      (length    0.529447615147)
      (matrix   -0.508897 -0.595045  0.622049  0.000000
                 0.860828 -0.351774  0.367738  0.000000
                 0.000000  0.722618  0.691248  0.000000
                 0.000000  0.000000  0.000000  1.000000)
      (quat      0.455680 -0.194698 -0.341275 -0.798736)
      (euler     28.012566 -38.465931 -130.537842)
     )

    ;; ignoring bone: IK_Forearm.R

    (bone
      (name      "Rower Back")
      (children  "Upper Back")
      (parent    "Hip")
      (head      0.000000 0.000000 -0.000000)
      (length    0.532472133636)
      (matrix    1.000000  0.000000 -0.000000  0.000000
                -0.000000  0.959821 -0.280614  0.000000
                 0.000000  0.280614  0.959821  0.000000
                 0.000000  0.000000  0.000000  1.000000)
      (quat      0.989904 -0.141738 0.000000 0.000000)
      (euler     -16.296881 0.000000 0.000000)
     )

    (bone
      (name      "Shoulder.R")
      (children  "Upper Arm.R")
      (parent    "Upper Back")
      (head      -0.131627 -0.045085 -0.049148)
      (length    0.52944880724)
      (matrix   -0.508896  0.595047 -0.622048  0.000000
                -0.860828 -0.351774  0.367736  0.000000
                 0.000000  0.722616  0.691250  0.000000
                 0.000000  0.000000  0.000000  1.000000)
      (quat      0.455681 -0.194698 0.341274 0.798736)
      (euler     28.012424 38.465862 130.537704)
     )

    ;; ignoring bone: IK_Forearm.L

    (bone ;; a root bone
      (name      "HeadIK")
      (children )
      (parent )
      (head      0.000000 -1.207386 0.301999)
      (length    0.145349025726)
      (matrix   -1.000000  0.000000  0.000000  0.000000
                 0.000000 -1.000000  0.000000  0.000000
                 0.000000  0.000000  1.000000  0.000000
                 0.000000  0.000000  0.000000  1.000000)
      (quat      0.000000 0.000000 0.000000 1.000000)
      (euler     0.000000 -0.000000 180.000000)
     )

    (bone
      (name      "Neck")
      (children  "Head")
      (parent    "Upper Back")
      (head      -0.000000 -0.000000 -0.000000)
      (length    0.194393187761)
      (matrix    1.000000 -0.000000 -0.000000  0.000000
                 0.000000  0.851875  0.523745  0.000000
                -0.000000 -0.523745  0.851875  0.000000
                 0.000000  0.000000  0.000000  1.000000)
      (quat      0.962256 0.272144 0.000000 -0.000000)
      (euler     31.583826 0.000002 -0.000003)
     )

    (bone
      (name      "Hand.L")
      (children )
      (parent    "Forearm.L")
      (head      -0.000000 0.000000 0.000000)
      (length    0.257442265749)
      (matrix    0.977106 -0.028053 -0.210894  0.000000
                 0.021477  0.999211 -0.033410  0.000000
                 0.211665  0.028115  0.976938  0.000000
                 0.000000  0.000000  0.000000  1.000000)
      (quat      0.994140 -0.015472 0.106262 -0.012456)
      (euler     -1.958656 12.174728 -1.644552)
     )

    (bone
      (name      "Hand.R")
      (children )
      (parent    "Forearm.R")
      (head      0.000000 -0.000000 0.000000)
      (length    0.257442861795)
      (matrix    0.977105  0.028053  0.210899  0.000000
                -0.021477  0.999211 -0.033410  0.000000
                -0.211670  0.028115  0.976937  0.000000
                 0.000000  0.000000  0.000000  1.000000)
      (quat      0.994139 -0.015472 -0.106265 0.012456)
      (euler     -1.958666 -12.175045 1.644552)
     )

    (bone
      (name      "Toes.L")
      (children )
      (parent    "Foot.L")
      (head      0.000000 0.000000 0.000000)
      (length    0.242312073708)
      (matrix   -1.000000 -0.000000 -0.000001  0.000000
                 0.000000  0.838960 -0.544193  0.000000
                 0.000001 -0.544193 -0.838960  0.000000
                 0.000000  0.000000  0.000000  1.000000)
      (quat      0.000000 0.000000 0.958895 -0.283760)
      (euler     32.969524 179.999969 0.000024)
     )

    (bone
      (name      "Lower Leg.L")
      (children  "Foot.L")
      (parent    "Upper Leg.L")
      (head      0.000000 -0.000000 -0.000000)
      (length    1.09502696991)
      (matrix    0.994156  0.104599 -0.026701  0.000000
                -0.092891  0.954889  0.282061  0.000000
                 0.055000 -0.277933  0.959025  0.000000
                 0.000000  0.000000  0.000000  1.000000)
      (quat      0.988442 0.141635 0.020664 0.049950)
      (euler     16.389271 1.530055 6.006186)
     )

    (bone
      (name      "Upper Leg.R")
      (children  "Lower Leg.R")
      (parent    "Hip")
      (head      -0.206413 -0.429881 0.139951)
      (length    1.13264071941)
      (matrix    0.980977 -0.191024  0.034561  0.000000
                -0.194126 -0.965305  0.174645  0.000000
                 0.000000 -0.178031 -0.984025  0.000000
                 0.000000  0.000000  0.000000  1.000000)
      (quat      0.088947 0.991250 -0.097138 0.008717)
      (euler     169.935944 -1.980579 -11.019246)
     )

    (bone
      (name      "Upper Back")
      (children  "Neck" "Shoulder.R" "Shoulder.L")
      (parent    "Rower Back")
      (head      0.000000 0.000000 0.000000)
      (length    0.385930389166)
      (matrix    1.000000 -0.000000  0.000000  0.000000
                 0.000000  0.979939  0.199300  0.000000
                -0.000000 -0.199300  0.979939  0.000000
                 0.000000  0.000000  0.000000  1.000000)
      (quat      0.994972 0.100153 -0.000000 -0.000000)
      (euler     11.496016 -0.000000 -0.000000)
     )

    (bone
      (name      "Forearm.R")
      (children  "Hand.R")
      (parent    "Upper Arm.R")
      (head      -0.000000 0.000000 0.000000)
      (length    0.40320533514)
      (matrix    0.652022  0.181745  0.736095  0.000000
                -0.163276  0.981724 -0.097765  0.000000
                -0.740410 -0.056442  0.669781  0.000000
                 0.000000  0.000000  0.000000  1.000000)
      (quat      0.908781 -0.011368 -0.406178 0.094913)
      (euler     -8.304544 -47.399796 15.575343)
     )

    (bone
      (name      "Lower Leg.R")
      (children  "Foot.R")
      (parent    "Upper Leg.R")
      (head      0.000000 0.000000 -0.000000)
      (length    1.09502851963)
      (matrix    0.994156 -0.104597  0.026702  0.000000
                 0.092890  0.954888  0.282064  0.000000
                -0.055001 -0.277936  0.959024  0.000000
                 0.000000  0.000000  0.000000  1.000000)
      (quat      0.988442 0.141637 -0.020665 -0.049949)
      (euler     16.389462 -1.530112 -6.006112)
     )

    (bone
      (name      "Upper Leg.L")
      (children  "Lower Leg.L")
      (parent    "Hip")
      (head      0.204631 -0.429881 0.139951)
      (length    1.1326406002)
      (matrix    0.980977  0.191021 -0.034561  0.000000
                 0.194122 -0.965306  0.174648  0.000000
                -0.000000 -0.178035 -0.984024  0.000000
                 0.000000  0.000000  0.000000  1.000000)
      (quat      0.088949 0.991250 0.097136 -0.008717)
      (euler     169.935745 1.980592 11.019031)
     )

  ) ;; bones
 ) ;; armature
