;; -*- scheme -*-
(armature
  (name "Armature")
  (bones
    (bone
      (name      "LegNull.L")
      (children )
      (parent    "Lower Leg.L")
      (head      0.000000 -0.000000 0.000000)
      (length    19.4823303223)
      (matrix    0.999972  0.005368  0.005170
                -0.007122  0.892687  0.450621
                -0.002196 -0.450645  0.892701)
      (quat      0.231616 -0.001893 0.003210 0.972800)
      (euler     26.783907 -0.296202 0.307589)
     )

    (bone
      (name      "Hip.R")
      (children  "Upper Leg.R")
      (parent    "Base")
      (head      0.040620 -0.025407 0.039311)
      (length    27.6306285858)
      (matrix    0.464598  0.621588  0.630696
                 0.637704 -0.729017  0.248729
                 0.614396  0.286638 -0.735090)
      (quat      -0.855673 -0.367924 -0.363776 0.011077)
      (euler     161.305908 -39.101467 53.224209)
     )

    (bone
      (name      "Foot.L")
      (children  "Toes.L")
      (parent    "Lower Leg.L")
      (head      0.000000 -0.000000 0.000000)
      (length    25.8882045746)
      (matrix    0.906031  0.404751  0.123628
                -0.132580  0.548869 -0.825327
                -0.401908  0.731382  0.550955)
      (quat      -0.448945 -0.151561 0.154963 0.866870)
      (euler     -56.274559 -7.101538 24.071741)
     )

    (bone
      (name      "Upper Arm.L")
      (children  "Forearm.L")
      (parent    "Shoulder.L")
      (head      0.000000 -0.000000 0.000000)
      (length    34.0862197876)
      (matrix    0.910775 -0.272327  0.310365
                 0.149809  0.918392  0.366215
                -0.384766 -0.287044  0.877246)
      (quat      0.169659 -0.180534 -0.109634 0.962602)
      (euler     22.658556 -18.081205 -16.646954)
     )

    (bone
      (name      "Belly")
      (children )
      (parent    "Base")
      (head      0.000000 -0.023287 0.366125)
      (length    22.6078624725)
      (matrix    1.000000  0.000000  0.000000
                 0.000000 -0.210548  0.977584
                 0.000000 -0.977584 -0.210548)
      (quat      0.777994 0.000000 0.000000 0.628272)
      (euler     102.154457 -0.000000 0.000000)
     )

    (bone
      (name      "Upper Arm.R")
      (children  "Forearm.R")
      (parent    "Shoulder.R")
      (head      0.000000 0.000000 -0.000000)
      (length    34.0863990784)
      (matrix    0.910775  0.272328 -0.310364
                -0.149811  0.918392  0.366214
                 0.384766 -0.287042  0.877246)
      (quat      0.169659 0.180534 0.109635 0.962602)
      (euler     22.658512 18.081173 16.647051)
     )

    (bone
      (name      "Foot.R")
      (children  "Toes.R")
      (parent    "Lower Leg.R")
      (head      0.000000 0.000000 0.000000)
      (length    25.8882312775)
      (matrix    0.906031 -0.404752 -0.123628
                 0.132580  0.548869 -0.825328
                 0.401909  0.731382  0.550954)
      (quat      -0.448946 0.151562 -0.154963 0.866870)
      (euler     -56.274597 7.101557 -24.071774)
     )

    (bone
      (name      "Hip.L")
      (children  "Upper Leg.L")
      (parent    "Base")
      (head      -0.039261 -0.025407 0.039311)
      (length    27.6306190491)
      (matrix    0.464597 -0.621588 -0.630696
                -0.637704 -0.729017  0.248730
                -0.614396  0.286638 -0.735089)
      (quat      -0.855672 0.367926 0.363776 0.011075)
      (euler     161.305908 39.101479 -53.224247)
     )

    (bone
      (name      "LegNull.R")
      (children )
      (parent    "Lower Leg.R")
      (head      0.000000 0.000000 0.000000)
      (length    19.4823417664)
      (matrix    0.999972 -0.005368 -0.005170
                 0.007122  0.892687  0.450622
                 0.002196 -0.450646  0.892700)
      (quat      0.231617 0.001893 -0.003210 0.972800)
      (euler     26.783953 0.296212 -0.307584)
     )

    (bone
      (name      "Neck")
      (children  "Head")
      (parent    "Shoulders")
      (head      0.000000 -0.000000 -0.000000)
      (length    16.9650382996)
      (matrix    1.000000  0.000000  0.000000
                 0.000000  0.779716  0.626133
                 0.000000 -0.626133  0.779716)
      (quat      0.331876 0.000000 0.000000 0.943323)
      (euler     38.765385 -0.000000 0.000000)
     )

    (bone
      (name      "Hip")
      (children  "Body")
      (parent    "Base")
      (head      0.000000 0.003058 0.001977)
      (length    23.6622543335)
      (matrix    1.000000  0.000000  0.000000
                 0.000000  0.997063  0.076591
                 0.000000 -0.076591  0.997063)
      (quat      0.038324 0.000000 0.000000 0.999265)
      (euler     4.392665 -0.000000 0.000000)
     )

    (bone
      (name      "Shoulders")
      (children  "Shoulder.R" "Neck" "Shoulder.L")
      (parent    "Body")
      (head      0.000000 0.000000 -0.000000)
      (length    17.489074707)
      (matrix    1.000000  0.000000  0.000000
                 0.000000  0.999747  0.022513
                 0.000000 -0.022513  0.999747)
      (quat      0.011257 0.000000 0.000000 0.999937)
      (euler     1.289991 -0.000000 0.000000)
     )

    (bone
      (name      "Shoulder.L")
      (children  "Upper Arm.L")
      (parent    "Shoulders")
      (head      -0.133504 0.016665 -0.103217)
      (length    30.0338306427)
      (matrix   -0.211033 -0.390486 -0.896095
                -0.881235 -0.320670  0.347270
                -0.422954  0.862955 -0.276438)
      (quat      -0.588658 0.540093 0.560193 0.219009)
      (euler     -51.479073 116.350624 61.611572)
     )

    (bone
      (name      "FingerTips.L")
      (children )
      (parent    "Fingers.L")
      (head      0.000000 -0.000000 0.000000)
      (length    6.92211341858)
      (matrix    0.972665 -0.148898 -0.178189
                 0.118982  0.978544 -0.168213
                 0.199413  0.142414  0.969512)
      (quat      -0.078438 0.095350 -0.067644 0.990040)
      (euler     -9.843002 10.264314 -8.703428)
     )

    (bone ;; a root bone
      (name      "Base")
      (children  "Belly" "Hip.R" "Hip.L" "Hip")
      (parent )
      (head      -0.134862 -0.098326 -1.250145)
      (length    14.4880990982)
      (matrix    1.000000  0.000000  0.000000
                 0.000000 -0.011341  0.999936
                 0.000000 -0.999936 -0.011341)
      (quat      0.711105 0.000000 0.000000 0.703086)
      (euler     90.649788 -0.000000 0.000000)
     )

    (bone
      (name      "FingerTips.R")
      (children )
      (parent    "Fingers.R")
      (head      0.000000 0.000000 -0.000000)
      (length    7.42318964005)
      (matrix    0.983139  0.129103  0.129499
                -0.114041  0.986481 -0.117684
                -0.142942  0.100931  0.984571)
      (quat      -0.054969 -0.068504 0.061137 0.994257)
      (euler     -6.816104 -7.440645 7.481118)
     )

    (bone
      (name      "Shoulder.R")
      (children  "Upper Arm.R")
      (parent    "Shoulders")
      (head      0.134862 0.016665 -0.103217)
      (length    30.0339851379)
      (matrix   -0.211032  0.390486  0.896095
                 0.881236 -0.320668  0.347269
                 0.422952  0.862956 -0.276439)
      (quat      -0.588658 -0.540093 -0.560192 0.219010)
      (euler     -51.478905 -116.350578 -61.611633)
     )

    (bone
      (name      "Body")
      (children  "Shoulders")
      (parent    "Hip")
      (head      0.000000 -0.000000 0.000000)
      (length    23.4960784912)
      (matrix    1.000000  0.000000  0.000000
                 0.000000  0.989207 -0.146523
                 0.000000  0.146523  0.989207)
      (quat      -0.073460 0.000000 0.000000 0.997298)
      (euler     -8.425456 -0.000000 0.000000)
     )

    (bone
      (name      "Toes.R")
      (children )
      (parent    "Foot.R")
      (head      0.000000 0.000000 -0.000000)
      (length    14.4431037903)
      (matrix   -0.908818 -0.133897 -0.395123
                 0.133896  0.803379 -0.580218
                 0.395123 -0.580218 -0.712197)
      (quat      -0.000000 0.925256 -0.313545 0.213521)
      (euler     39.169296 156.726379 8.381138)
     )

    ;; ignoring bone: IK_Foot.R

    (bone
      (name      "Hand.L")
      (children  "Fingers.L" "LowerThumb.L")
      (parent    "Forearm.L")
      (head      0.006394 0.036837 -0.005415)
      (length    16.1714401245)
      (matrix    0.997139 -0.069244 -0.030322
                 0.068329  0.997204 -0.030248
                 0.032331  0.028089  0.999082)
      (quat      -0.014596 0.015676 -0.034421 0.999178)
      (euler     -1.734119 1.737577 -3.972397)
     )

    (bone
      (name      "Fingers.R")
      (children  "FingerTips.R")
      (parent    "Hand.R")
      (head      0.000000 0.000000 0.000000)
      (length    7.75397825241)
      (matrix    0.991391 -0.084731  0.099820
                 0.094134  0.991150 -0.093592
                -0.091006  0.102183  0.990594)
      (quat      -0.049109 -0.047867 -0.044867 0.996636)
      (euler     -5.397344 -5.728780 -4.885022)
     )

    (bone
      (name      "Head")
      (children )
      (parent    "Neck")
      (head      0.000000 0.000000 -0.000000)
      (length    17.0246181488)
      (matrix    1.000000  0.000000  0.000000
                 0.000000  0.612928  0.790139
                 0.000000 -0.790139  0.612928)
      (quat      0.439927 0.000000 0.000000 0.898033)
      (euler     52.198494 -0.000000 0.000000)
     )

    (bone
      (name      "Fingers.L")
      (children  "FingerTips.L")
      (parent    "Hand.L")
      (head      0.000000 -0.000000 0.000000)
      (length    7.87261009216)
      (matrix    0.990993  0.081849 -0.105986
                -0.092456  0.990746 -0.099367
                 0.096872  0.108271  0.989390)
      (quat      -0.052098 0.050899 0.043734 0.996385)
      (euler     -5.735134 6.083975 4.721491)
     )

    ;; ignoring bone: IK_Foot.L

    (bone
      (name      "Hand.R")
      (children  "Fingers.R" "LowerThumb.R")
      (parent    "Forearm.R")
      (head      -0.006394 0.036837 -0.005415)
      (length    16.1715164185)
      (matrix    0.997139  0.069244  0.030321
                -0.068329  0.997204 -0.030247
                -0.032331  0.028089  0.999082)
      (quat      -0.014596 -0.015676 0.034421 0.999178)
      (euler     -1.734102 -1.737557 3.972392)
     )

    (bone
      (name      "Toes.L")
      (children )
      (parent    "Foot.L")
      (head      -0.000000 0.000000 -0.000000)
      (length    14.4430961609)
      (matrix   -0.908818  0.133897  0.395121
                -0.133896  0.803379 -0.580219
                -0.395121 -0.580219 -0.712197)
      (quat      -0.000000 -0.925256 0.313545 0.213520)
      (euler     39.169323 -156.726471 -8.381126)
     )

    (bone
      (name      "Thumb.R")
      (children )
      (parent    "LowerThumb.R")
      (head      0.000000 0.000000 -0.000000)
      (length    7.98016500473)
      (matrix    0.802273  0.596654  0.019051
                -0.568548  0.753975  0.329051
                 0.181965 -0.274820  0.944120)
      (quat      0.161383 0.043538 0.311397 0.935463)
      (euler     19.214796 -1.091607 36.638348)
     )

    (bone
      (name      "Lower Leg.L")
      (children  "Foot.L" "LegNull.L")
      (parent    "Upper Leg.L")
      (head      0.000000 -0.000000 0.000000)
      (length    53.7671737671)
      (matrix    0.999287 -0.025255 -0.028072
                 0.028426  0.992486  0.119011
                 0.024856 -0.119724  0.992496)
      (quat      0.059802 0.013258 -0.013447 0.998032)
      (euler     6.837742 1.608633 -1.447702)
     )

    (bone
      (name      "Upper Leg.R")
      (children  "Lower Leg.R")
      (parent    "Hip.R")
      (head      -0.000384 0.012505 -0.020905)
      (length    56.2413978577)
      (matrix    0.491190  0.626030  0.605656
                -0.550237  0.762022 -0.341411
                -0.675257 -0.165557  0.718762)
      (quat      -0.051004 -0.371507 0.341156 0.861971)
      (euler     -25.407665 -37.276051 51.881889)
     )

    (bone
      (name      "ArmNull.R")
      (children )
      (parent    "Forearm.R")
      (head      0.000000 0.000000 0.000000)
      (length    14.4419641495)
      (matrix   -0.071245  0.997459  0.000002
                 0.000000 -0.000002  1.000000
                 0.997459  0.071245 -0.000000)
      (quat      0.481860 0.517504 0.517505 0.481859)
      (euler     90.000008 -0.000116 94.085503)
     )

    (bone
      (name      "LowerThumb.R")
      (children  "Thumb.R")
      (parent    "Hand.R")
      (head      0.018833 -0.247973 -0.030859)
      (length    11.9381313324)
      (matrix    0.641058 -0.448957  0.622481
                 0.720677  0.631054 -0.287045
                -0.263948  0.632620  0.728095)
      (quat      -0.265475 -0.255881 -0.337633 0.866055)
      (euler     -21.516397 -38.497532 -35.004974)
     )

    ;; ignoring bone: IK_Arm.L

    (bone
      (name      "Thumb.L")
      (children )
      (parent    "LowerThumb.L")
      (head      0.000000 -0.000000 0.000000)
      (length    7.9801197052)
      (matrix    0.802273 -0.596653 -0.019056
                 0.568549  0.753976  0.329048
                -0.181960 -0.274820  0.944121)
      (quat      0.161382 -0.043536 -0.311397 0.935464)
      (euler     19.214613 1.091876 -36.638294)
     )

    (bone
      (name      "Forearm.L")
      (children  "ArmNull.L" "Hand.L")
      (parent    "Upper Arm.L")
      (head      -0.000000 -0.000000 -0.000000)
      (length    33.7863006592)
      (matrix    0.999244 -0.013579  0.036439
                 0.012327  0.999333  0.034372
                -0.036882 -0.033897  0.998745)
      (quat      0.017073 -0.018336 -0.006479 0.999665)
      (euler     1.971078 -2.088269 -0.778556)
     )

    (bone
      (name      "Forearm.R")
      (children  "ArmNull.R" "Hand.R")
      (parent    "Upper Arm.R")
      (head      0.000000 0.000000 0.000000)
      (length    33.7864570618)
      (matrix    0.999244  0.013579 -0.036439
                -0.012327  0.999333  0.034372
                 0.036881 -0.033897  0.998745)
      (quat      0.017073 0.018336 0.006479 0.999665)
      (euler     1.971067 2.088262 0.778585)
     )

    ;; ignoring bone: IK_Arm.R

    (bone
      (name      "LowerThumb.L")
      (children  "Thumb.L")
      (parent    "Hand.L")
      (head      -0.018833 -0.247972 -0.030859)
      (length    11.9381809235)
      (matrix    0.641059  0.448959 -0.622479
                -0.720678  0.631053 -0.287046
                 0.263946  0.632620  0.728097)
      (quat      -0.265475 0.255880 0.337633 0.866055)
      (euler     -21.516415 38.497387 35.005066)
     )

    (bone
      (name      "ArmNull.L")
      (children )
      (parent    "Forearm.L")
      (head      0.000000 0.000000 0.000000)
      (length    14.4419927597)
      (matrix   -0.071247 -0.997459 -0.000002
                -0.000001 -0.000002  1.000000
                -0.997459  0.071247 -0.000000)
      (quat      0.481860 -0.517505 -0.517506 0.481859)
      (euler     90.000023 0.000118 -94.085602)
     )

    (bone
      (name      "Lower Leg.R")
      (children  "Foot.R" "LegNull.R")
      (parent    "Upper Leg.R")
      (head      0.000000 0.000000 0.000000)
      (length    53.7671432495)
      (matrix    0.999287  0.025254  0.028076
                -0.028426  0.992486  0.119011
                -0.024860 -0.119724  0.992496)
      (quat      0.059802 -0.013260 0.013447 0.998032)
      (euler     6.837743 -1.608866 1.447679)
     )

    (bone
      (name      "Upper Leg.L")
      (children  "Lower Leg.L")
      (parent    "Hip.L")
      (head      0.000384 0.012505 -0.020905)
      (length    56.241355896)
      (matrix    0.491187 -0.626029 -0.605659
                 0.550237  0.762022 -0.341411
                 0.675259 -0.165560  0.718760)
      (quat      -0.051003 0.371509 -0.341157 0.861970)
      (euler     -25.407747 37.276279 -51.882050)
     )

  ) ;; bones
 ) ;; armature
