;; -*- scheme -*-
(armature
  (name "Armature.002")
  (bones
    (bone
      (name      "Bone.010")
    	  (children )
      (parent    "Bone.009")
      (head      -0.000000 -0.000000 0.000000)
      (length    0.609991371632)
      (matrix   -0.885632 -0.399715  0.236399  0.000000
                 0.281300 -0.056720  0.957942  0.000000
                -0.369496  0.914883  0.162673  0.000000
                 0.000000  0.000000  0.000000  1.000000)
      (quat      -0.045868 0.645414 0.725435 0.234692)
      (euler     79.917725 21.684511 162.378754)
     )

    (bone
      (name      "Bone.009")
    	  (children  "Bone.010")
      (parent    "Bone.008")
      (head      0.000000 -0.000000 -0.000000)
      (length    0.528390169144)
      (matrix    0.984876  0.173264 -0.000002  0.000000
                -0.173264  0.984876 -0.000000  0.000000
                 0.000002  0.000000  1.000000  0.000000
                 0.000000  0.000000  0.000000  1.000000)
      (quat      0.000000 -0.000001 -0.086961 0.996212)
      (euler     0.000021 -0.000104 -9.977630)
     )

    (bone
      (name      "Bone.004")
    	  (children  "Bone.008")
      (parent    "Bone.017")
      (head      0.120711 -0.025305 0.000000)
      (length    0.669082939625)
      (matrix   -0.798969  0.601373 -0.000000  0.000000
                -0.601373 -0.798969 -0.000000  0.000000
                -0.000000  0.000000  1.000000  0.000000
                 0.000000  0.000000  0.000000  1.000000)
      (quat      0.000000 -0.000000 -0.948411 0.317042)
      (euler     0.000004 0.000012 -143.031738)
     )

    (bone
      (name      "Bone.007")
    	  (children )
      (parent    "Bone.006")
      (head      -0.000000 -0.000000 -0.000000)
      (length    0.580758810043)
      (matrix   -0.940337  0.255785 -0.224367  0.000000
                -0.203484  0.105733  0.973352  0.000000
                 0.272692  0.960934 -0.047377  0.000000
                 0.000000  0.000000  0.000000  1.000000)
      (quat      -0.018074 -0.723437 -0.668436 0.171770)
      (euler     -87.177452 -164.175507 12.210252)
     )

    (bone
      (name      "Bone.006")
    	  (children  "Bone.007")
      (parent    "Bone.005")
      (head      0.000000 -0.000000 -0.000000)
      (length    0.460424661636)
      (matrix    0.975521 -0.219905  0.000003  0.000000
                 0.219905  0.975521  0.000000  0.000000
                -0.000003  0.000000  1.000000  0.000000
                 0.000000  0.000000  0.000000  1.000000)
      (quat      -0.000000 0.000001 0.110632 0.993861)
      (euler     0.000007 0.000158 12.703480)
     )

    (bone
      (name      "Bone.016")
    	  (children  "Bone.018")
      (parent    "Bone.015")
      (head      0.000000 -0.000000 -0.000000)
      (length    0.7483959198)
      (matrix    0.992324  0.020425 -0.121970  0.000000
                 0.120612 -0.377748  0.918019  0.000000
                -0.027324 -0.925683 -0.377312  0.000000
                 0.000000  0.000000  0.000000  1.000000)
      (quat      -0.828762 -0.042544 0.045035 0.556162)
      (euler     -112.175995 1.565737 6.930044)
     )

    (bone
      (name      "Bone.008")
    	  (children  "Bone.009")
      (parent    "Bone.004")
      (head      -0.000000 0.000000 0.000000)
      (length    0.534853637218)
      (matrix    0.817942  0.575300  0.000002  0.000000
                -0.575300  0.817942 -0.000002  0.000000
                -0.000003  0.000000  1.000000  0.000000
                 0.000000  0.000000  0.000000  1.000000)
      (quat      0.000000 0.000001 -0.301710 0.953400)
      (euler     0.000006 0.000148 -35.120655)
     )

    (bone
      (name      "Bone.020")
    	  (children )
      (parent    "Bone.019")
      (head      0.000000 0.000000 0.000000)
      (length    0.783167004585)
      (matrix    1.000000 -0.000000 -0.000000  0.000000
                -0.000000  0.786170 -0.618010  0.000000
                 0.000000  0.618010  0.786170  0.000000
                 0.000000  0.000000  0.000000  1.000000)
      (quat      0.326978 -0.000000 0.000000 0.945032)
      (euler     38.170948 -0.000017 -0.000002)
     )

    (bone
      (name      "Bone.019")
    	  (children  "Bone.020")
      (parent    "Bone.018")
      (head      0.000000 -0.000000 0.000000)
      (length    0.885059058666)
      (matrix    1.000000 -0.000000  0.000000  0.000000
                -0.000000  0.904786  0.425867  0.000000
                -0.000000 -0.425867  0.904786  0.000000
                 0.000000  0.000000  0.000000  1.000000)
      (quat      -0.218191 0.000000 -0.000000 0.975906)
      (euler     -25.205584 0.000023 -0.000006)
     )

    (bone
      (name      "Bone.018")
    	  (children  "Bone.019")
      (parent    "Bone.016")
      (head      0.000000 -0.000000 0.000000)
      (length    0.711826086044)
      (matrix    0.999458 -0.011594  0.030813  0.000000
                -0.018364  0.580457  0.814084  0.000000
                -0.027324 -0.814208  0.579930  0.000000
                 0.000000  0.000000  0.000000  1.000000)
      (quat      -0.458004 0.016353 -0.001904 0.888798)
      (euler     -54.539162 1.565734 -1.052638)
     )

    (bone
      (name      "Bone.015")
    	  (children  "Bone.016")
      (parent    "Bone")
      (head      0.000000 0.000000 0.000000)
      (length    0.392938047647)
      (matrix    0.994743  0.102400 -0.000000  0.000000
                -0.102400  0.994743 -0.000000  0.000000
                -0.000000  0.000000  1.000000  0.000000
                 0.000000  0.000000  0.000000  1.000000)
      (quat      0.000000 -0.000000 -0.051267 0.998685)
      (euler     0.000007 0.000000 -5.877398)
     )

    (bone
      (name      "Bone.005")
    	  (children  "Bone.006")
      (parent    "Bone.003")
      (head      0.000000 0.000000 0.000000)
      (length    0.571729123592)
      (matrix    0.782333 -0.622860 -0.000000  0.000000
                 0.622860  0.782333 -0.000000  0.000000
                 0.000001  0.000000  1.000000  0.000000
                 0.000000  0.000000  0.000000  1.000000)
      (quat      0.000000 -0.000000 0.329899 0.944016)
      (euler     0.000003 -0.000030 38.525307)
     )

    (bone
      (name      "Bone.012")
    	  (children )
      (parent    "Bone.011")
      (head      0.000000 0.000000 0.000000)
      (length    0.616347193718)
      (matrix   -0.601701  0.473509 -0.643230  0.000000
                -0.639778  0.196392  0.743044  0.000000
                 0.478163  0.858615  0.184771  0.000000
                 0.000000  0.000000  0.000000  1.000000)
      (quat      0.065452 -0.635083 -0.630492 0.441436)
      (euler     77.855347 -28.565483 -133.243271)
     )

    (bone
      (name      "Bone.013")
    	  (children  "Bone.014")
      (parent    "Bone.001")
      (head      0.000000 -0.000000 -0.000000)
      (length    0.552089452744)
      (matrix    0.497525  0.867449  0.000000  0.000000
                -0.867449  0.497525 -0.000000  0.000000
                -0.000000  0.000000  1.000000  0.000000
                 0.000000  0.000000  0.000000  1.000000)
      (quat      0.000000 0.000000 -0.501236 0.865311)
      (euler     0.000006 0.000023 -60.163593)
     )

    (bone
      (name      "Bone.001")
    	  (children  "Bone.013")
      (parent    "Bone")
      (head      0.000000 0.000000 0.000000)
      (length    0.780920624733)
      (matrix   -0.264986  0.964252 -0.000000  0.000000
                -0.964252 -0.264986 -0.000000  0.000000
                -0.000000  0.000000  1.000000  0.000000
                 0.000000  0.000000  0.000000  1.000000)
      (quat      0.000000 0.000000 -0.795294 0.606224)
      (euler     0.000003 0.000004 -105.366104)
     )

    (bone
      (name      "Bone.002")
    	  (children  "Bone.011")
      (parent    "Bone")
      (head      0.000000 0.000000 0.000000)
      (length    0.732812821865)
      (matrix   -0.290226 -0.956958  0.000000  0.000000
                 0.956958 -0.290226 -0.000000  0.000000
                 0.000000  0.000000  1.000000  0.000000
                 0.000000  0.000000  0.000000  1.000000)
      (quat      0.000000 0.000000 0.803189 0.595724)
      (euler     0.000003 -0.000005 106.871468)
     )

    (bone
      (name      "Bone.003")
    	  (children  "Bone.005")
      (parent    "Bone.017")
      (head      -0.080474 -0.013809 -0.000000)
      (length    0.692165970802)
      (matrix   -0.664364 -0.747409  0.000000  0.000000
                 0.747409 -0.664364 -0.000000  0.000000
                 0.000000  0.000000  1.000000  0.000000
                 0.000000  0.000000  0.000000  1.000000)
      (quat      0.000000 0.000000 0.912240 0.409656)
      (euler     0.000000 -0.000000 131.633560)
     )

    (bone ;; a root bone
      (name      "Bone.017")
    	  (children  "Bone" "Bone.003" "Bone.004")
      (parent )
      (head      0.000000 0.979157 -0.000000)
      (length    0.259003162384)
      (matrix    1.000000  0.000000  0.000000  0.000000
                 0.000000  1.000000  0.000000  0.000000
                 0.000000  0.000000  1.000000  0.000000
                 0.000000  0.000000  0.000000  1.000000)
      (quat      0.000000 0.000000 0.000000 1.000000)
      (euler     0.000000 -0.000000 0.000000)
     )

    (bone
      (name      "Bone.011")
    	  (children  "Bone.012")
      (parent    "Bone.002")
      (head      0.000000 -0.000000 -0.000000)
      (length    0.563668251038)
      (matrix    0.479301 -0.877651  0.000000  0.000000
                 0.877651  0.479301  0.000000  0.000000
                -0.000000  0.000000  1.000000  0.000000
                 0.000000  0.000000  0.000000  1.000000)
      (quat      0.000000 0.000000 0.510245 0.860029)
      (euler     0.000003 0.000003 61.360241)
     )

    (bone
      (name      "Bone")
    	  (children  "Bone.001" "Bone.002" "Bone.015")
      (parent    "Bone.017")
      (head      0.000000 0.106902 -0.000000)
      (length    0.844800710678)
      (matrix    1.000000  0.000000  0.000000  0.000000
                 0.000000  1.000000  0.000000  0.000000
                 0.000000  0.000000  1.000000  0.000000
                 0.000000  0.000000  0.000000  1.000000)
      (quat      0.000000 0.000000 0.000000 1.000000)
      (euler     0.000000 -0.000000 0.000000)
     )

    (bone
      (name      "Bone.014")
    	  (children )
      (parent    "Bone.013")
      (head      0.000000 0.000000 0.000000)
      (length    0.541055619717)
      (matrix   -0.894525 -0.200734  0.399413  0.000000
                 0.417369 -0.055060  0.907067  0.000000
                -0.160087  0.978097  0.133033  0.000000
                 0.000000  0.000000  0.000000  1.000000)
      (quat      0.082919 0.653152 0.721564 0.214154)
      (euler     82.254608 9.211949 154.987091)
     )

  ) ;; bones
 ) ;; armature
