;; -*- scheme -*-
(armature
  (name "Armature")
  (bones
    (bone
      (name      "LegNull.L")
      (children )
      (parent    "Lower Leg.L")
      (head      0.000000 0.000000 0.000000)
      (length    0.304411530495)
      (matrix    0.999972  0.005368  0.005170  0.000000
                -0.007122  0.892687  0.450621  0.000000
                -0.002196 -0.450645  0.892701  0.000000
                 0.000000  0.000000  0.000000  1.000000)
      (quat      0.972800 0.231616 -0.001893 0.003210)
      (euler     26.783894 -0.296207 0.307582)
     )

    (bone
      (name      "Hip.R")
      (children  "Upper Leg.R")
      (parent    "Base")
      (head      0.040620 -0.025407 0.039311)
      (length    0.431728333235)
      (matrix    0.464597  0.621588  0.630696  0.000000
                 0.637705 -0.729017  0.248730  0.000000
                 0.614396  0.286639 -0.735089  0.000000
                 0.000000  0.000000  0.000000  1.000000)
      (quat      0.011075 -0.855673 -0.367925 -0.363775)
      (euler     161.305908 -39.101479 53.224251)
     )

    (bone
      (name      "Foot.L")
      (children  "Toes.L")
      (parent    "Lower Leg.L")
      (head      0.000000 0.000000 0.000000)
      (length    0.404503107071)
      (matrix    0.906031  0.404751  0.123627  0.000000
                -0.132580  0.548868 -0.825328  0.000000
                -0.401907  0.731382  0.550954  0.000000
                 0.000000  0.000000  0.000000  1.000000)
      (quat      0.866870 -0.448946 -0.151561 0.154963)
      (euler     -56.274601 -7.101489 24.071722)
     )

    (bone
      (name      "Upper Arm.L")
      (children  "Forearm.L")
      (parent    "Shoulder.L")
      (head      0.000000 -0.000000 -0.000000)
      (length    0.532597184181)
      (matrix    0.910775 -0.272327  0.310365  0.000000
                 0.149810  0.918392  0.366215  0.000000
                -0.384767 -0.287044  0.877246  0.000000
                 0.000000  0.000000  0.000000  1.000000)
      (quat      0.962602 0.169659 -0.180534 -0.109634)
      (euler     22.658567 -18.081202 -16.646996)
     )

    (bone
      (name      "Belly")
      (children )
      (parent    "Base")
      (head      0.000000 -0.023287 0.366125)
      (length    0.353247731924)
      (matrix    1.000000  0.000000  0.000000  0.000000
                 0.000000 -0.210548  0.977583  0.000000
                 0.000000 -0.977583 -0.210548  0.000000
                 0.000000  0.000000  0.000000  1.000000)
      (quat      0.628272 0.777994 0.000000 0.000000)
      (euler     102.154480 -0.000000 0.000000)
     )

    (bone
      (name      "Upper Arm.R")
      (children  "Forearm.R")
      (parent    "Shoulder.R")
      (head      0.000000 -0.000000 -0.000000)
      (length    0.532600164413)
      (matrix    0.910775  0.272329 -0.310364  0.000000
                -0.149812  0.918392  0.366214  0.000000
                 0.384767 -0.287043  0.877246  0.000000
                 0.000000  0.000000  0.000000  1.000000)
      (quat      0.962602 0.169659 0.180534 0.109635)
      (euler     22.658527 18.081165 16.647091)
     )

    (bone
      (name      "Foot.R")
      (children  "Toes.R")
      (parent    "Lower Leg.R")
      (head      0.000000 0.000000 0.000000)
      (length    0.404503583908)
      (matrix    0.906031 -0.404751 -0.123628  0.000000
                 0.132580  0.548868 -0.825328  0.000000
                 0.401908  0.731382  0.550954  0.000000
                 0.000000  0.000000  0.000000  1.000000)
      (quat      0.866870 -0.448946 0.151561 -0.154963)
      (euler     -56.274616 7.101521 -24.071732)
     )

    (bone
      (name      "Hip.L")
      (children  "Upper Leg.L")
      (parent    "Base")
      (head      -0.039261 -0.025407 0.039311)
      (length    0.431728303432)
      (matrix    0.464598 -0.621588 -0.630696  0.000000
                -0.637705 -0.729017  0.248730  0.000000
                -0.614396  0.286638 -0.735089  0.000000
                 0.000000  0.000000  0.000000  1.000000)
      (quat      0.011075 -0.855673 0.367926 0.363775)
      (euler     161.305908 39.101467 -53.224239)
     )

    (bone
      (name      "LegNull.R")
      (children )
      (parent    "Lower Leg.R")
      (head      0.000000 0.000000 0.000000)
      (length    0.304411709309)
      (matrix    0.999972 -0.005368 -0.005170  0.000000
                 0.007122  0.892687  0.450621  0.000000
                 0.002196 -0.450646  0.892700  0.000000
                 0.000000  0.000000  0.000000  1.000000)
      (quat      0.972800 0.231617 0.001893 -0.003210)
      (euler     26.783947 0.296225 -0.307576)
     )

    (bone
      (name      "Neck")
      (children  "Head")
      (parent    "Shoulders")
      (head      0.000000 0.000000 0.000000)
      (length    0.265078753233)
      (matrix    1.000000  0.000000  0.000000  0.000000
                 0.000000  0.779717  0.626133  0.000000
                 0.000000 -0.626133  0.779717  0.000000
                 0.000000  0.000000  0.000000  1.000000)
      (quat      0.943323 0.331876 0.000000 0.000000)
      (euler     38.765362 -0.000000 0.000000)
     )

    (bone
      (name      "Hip")
      (children  "Body")
      (parent    "Base")
      (head      0.000000 0.003058 0.001977)
      (length    0.369722664356)
      (matrix    1.000000  0.000000  0.000000  0.000000
                 0.000000  0.997063  0.076591  0.000000
                 0.000000 -0.076591  0.997063  0.000000
                 0.000000  0.000000  0.000000  1.000000)
      (quat      0.999265 0.038324 0.000000 0.000000)
      (euler     4.392666 -0.000000 0.000000)
     )

    (bone
      (name      "Shoulders")
      (children  "Shoulder.R" "Neck" "Shoulder.L")
      (parent    "Body")
      (head      0.000000 -0.000000 0.000000)
      (length    0.273266792297)
      (matrix    1.000000  0.000000  0.000000  0.000000
                 0.000000  0.999747  0.022513  0.000000
                 0.000000 -0.022513  0.999747  0.000000
                 0.000000  0.000000  0.000000  1.000000)
      (quat      0.999937 0.011257 0.000000 0.000000)
      (euler     1.290035 -0.000000 0.000000)
     )

    (bone
      (name      "Shoulder.L")
      (children  "Upper Arm.L")
      (parent    "Shoulders")
      (head      -0.133503 0.016665 -0.103217)
      (length    0.469278484583)
      (matrix   -0.211034 -0.390487 -0.896094  0.000000
                -0.881235 -0.320669  0.347271  0.000000
                -0.422954  0.862955 -0.276439  0.000000
                 0.000000  0.000000  0.000000  1.000000)
      (quat      0.219008 -0.588658 0.540093 0.560193)
      (euler     -51.479080 116.350693 61.611565)
     )

    (bone
      (name      "FingerTips.L")
      (children )
      (parent    "Fingers.L")
      (head      0.000000 -0.000000 0.000000)
      (length    0.108158022165)
      (matrix    0.972665 -0.148899 -0.178189  0.000000
                 0.118983  0.978544 -0.168213  0.000000
                 0.199413  0.142414  0.969512  0.000000
                 0.000000  0.000000  0.000000  1.000000)
      (quat      0.990040 -0.078438 0.095350 -0.067644)
      (euler     -9.843000 10.264305 -8.703487)
     )

    (bone ;; a root bone
      (name      "Base")
      (children  "Belly" "Hip.R" "Hip.L" "Hip")
      (parent )
      (head      -0.134862 -0.098326 -1.250145)
      (length    0.226376548409)
      (matrix    1.000000  0.000000  0.000000  0.000000
                 0.000000 -0.011341  0.999936  0.000000
                 0.000000 -0.999936 -0.011341  0.000000
                 0.000000  0.000000  0.000000  1.000000)
      (quat      0.703086 0.711105 0.000000 0.000000)
      (euler     90.649788 -0.000000 0.000000)
     )

    (bone
      (name      "FingerTips.R")
      (children )
      (parent    "Fingers.R")
      (head      0.000000 0.000000 0.000000)
      (length    0.115987353027)
      (matrix    0.983139  0.129105  0.129499  0.000000
                -0.114042  0.986481 -0.117684  0.000000
                -0.142942  0.100931  0.984571  0.000000
                 0.000000  0.000000  0.000000  1.000000)
      (quat      0.994257 -0.054969 -0.068503 0.061138)
      (euler     -6.816101 -7.440626 7.481205)
     )

    (bone
      (name      "Shoulder.R")
      (children  "Upper Arm.R")
      (parent    "Shoulders")
      (head      0.134862 0.016665 -0.103217)
      (length    0.469281196594)
      (matrix   -0.211033  0.390487  0.896095  0.000000
                 0.881236 -0.320668  0.347269  0.000000
                 0.422952  0.862956 -0.276439  0.000000
                 0.000000  0.000000  0.000000  1.000000)
      (quat      0.219009 -0.588658 -0.540094 -0.560192)
      (euler     -51.478901 -116.350647 -61.611626)
     )

    (bone
      (name      "Body")
      (children  "Shoulders")
      (parent    "Hip")
      (head      0.000000 0.000000 0.000000)
      (length    0.367126226425)
      (matrix    1.000000  0.000000  0.000000  0.000000
                 0.000000  0.989207 -0.146523  0.000000
                 0.000000  0.146523  0.989207  0.000000
                 0.000000  0.000000  0.000000  1.000000)
      (quat      0.997298 -0.073460 0.000000 0.000000)
      (euler     -8.425456 -0.000000 0.000000)
     )

    (bone
      (name      "Toes.R")
      (children )
      (parent    "Foot.R")
      (head      0.000000 0.000000 -0.000000)
      (length    0.225673496723)
      (matrix   -0.908818 -0.133897 -0.395122  0.000000
                 0.133896  0.803379 -0.580218  0.000000
                 0.395123 -0.580218 -0.712197  0.000000
                 0.000000  0.000000  0.000000  1.000000)
      (quat      0.213521 -0.000000 0.925256 -0.313545)
      (euler     39.169266 156.726395 8.381133)
     )

    ;; ignoring bone: IK_Foot.R

    (bone
      (name      "Hand.L")
      (children  "Fingers.L" "LowerThumb.L")
      (parent    "Forearm.L")
      (head      0.006394 0.036837 -0.005415)
      (length    0.252678990364)
      (matrix    0.997139 -0.069244 -0.030322  0.000000
                 0.068329  0.997204 -0.030247  0.000000
                 0.032331  0.028089  0.999082  0.000000
                 0.000000  0.000000  0.000000  1.000000)
      (quat      0.999178 -0.014596 0.015676 -0.034421)
      (euler     -1.734115 1.737576 -3.972393)
     )

    (bone
      (name      "Fingers.R")
      (children  "FingerTips.R")
      (parent    "Hand.R")
      (head      0.000000 0.000000 0.000000)
      (length    0.121155880392)
      (matrix    0.991391 -0.084731  0.099819  0.000000
                 0.094134  0.991150 -0.093593  0.000000
                -0.091006  0.102183  0.990594  0.000000
                 0.000000  0.000000  0.000000  1.000000)
      (quat      0.996636 -0.049109 -0.047867 -0.044867)
      (euler     -5.397351 -5.728763 -4.885005)
     )

    (bone
      (name      "Head")
      (children )
      (parent    "Neck")
      (head      0.000000 0.000000 -0.000000)
      (length    0.266009777784)
      (matrix    1.000000  0.000000  0.000000  0.000000
                 0.000000  0.612928  0.790139  0.000000
                 0.000000 -0.790139  0.612928  0.000000
                 0.000000  0.000000  0.000000  1.000000)
      (quat      0.898033 0.439927 0.000000 0.000000)
      (euler     52.198494 -0.000000 0.000000)
     )

    (bone
      (name      "Fingers.L")
      (children  "FingerTips.L")
      (parent    "Hand.L")
      (head      0.000000 -0.000000 0.000000)
      (length    0.123009525239)
      (matrix    0.990993  0.081848 -0.105986  0.000000
                -0.092455  0.990746 -0.099367  0.000000
                 0.096872  0.108271  0.989390  0.000000
                 0.000000  0.000000  0.000000  1.000000)
      (quat      0.996385 -0.052098 0.050899 0.043734)
      (euler     -5.735142 6.083978 4.721476)
     )

    ;; ignoring bone: IK_Foot.L

    (bone
      (name      "Hand.R")
      (children  "Fingers.R" "LowerThumb.R")
      (parent    "Forearm.R")
      (head      -0.006394 0.036837 -0.005415)
      (length    0.252679944038)
      (matrix    0.997139  0.069245  0.030321  0.000000
                -0.068330  0.997204 -0.030247  0.000000
                -0.032331  0.028089  0.999083  0.000000
                 0.000000  0.000000  0.000000  1.000000)
      (quat      0.999178 -0.014596 -0.015676 0.034422)
      (euler     -1.734105 -1.737553 3.972439)
     )

    (bone
      (name      "Toes.L")
      (children )
      (parent    "Foot.L")
      (head      0.000000 -0.000000 0.000000)
      (length    0.225673481822)
      (matrix   -0.908818  0.133897  0.395121  0.000000
                -0.133896  0.803379 -0.580220  0.000000
                -0.395122 -0.580219 -0.712197  0.000000
                 0.000000  0.000000  0.000000  1.000000)
      (quat      0.213520 -0.000000 -0.925256 0.313545)
      (euler     39.169338 -156.726486 -8.381155)
     )

    (bone
      (name      "Thumb.R")
      (children )
      (parent    "LowerThumb.R")
      (head      0.000000 -0.000000 -0.000000)
      (length    0.124690033495)
      (matrix    0.802272  0.596655  0.019050  0.000000
                -0.568549  0.753974  0.329051  0.000000
                 0.181966 -0.274819  0.944120  0.000000
                 0.000000  0.000000  0.000000  1.000000)
      (quat      0.935463 0.161383 0.043539 0.311397)
      (euler     19.214809 -1.091573 36.638412)
     )

    (bone
      (name      "Lower Leg.L")
      (children  "Foot.L" "LegNull.L")
      (parent    "Upper Leg.L")
      (head      -0.000000 -0.000000 -0.000000)
      (length    0.840111851692)
      (matrix    0.999287 -0.025254 -0.028072  0.000000
                 0.028426  0.992486  0.119012  0.000000
                 0.024856 -0.119725  0.992496  0.000000
                 0.000000  0.000000  0.000000  1.000000)
      (quat      0.998032 0.059802 0.013258 -0.013447)
      (euler     6.837777 1.608627 -1.447700)
     )

    (bone
      (name      "Upper Leg.R")
      (children  "Lower Leg.R")
      (parent    "Hip.R")
      (head      -0.000384 0.012505 -0.020905)
      (length    0.878771603107)
      (matrix    0.491190  0.626030  0.605656  0.000000
                -0.550237  0.762022 -0.341411  0.000000
                -0.675256 -0.165557  0.718763  0.000000
                 0.000000  0.000000  0.000000  1.000000)
      (quat      0.861971 -0.051003 -0.371507 0.341156)
      (euler     -25.407631 -37.276051 51.881889)
     )

    (bone
      (name      "ArmNull.R")
      (children )
      (parent    "Forearm.R")
      (head      -0.000000 0.000000 0.000000)
      (length    0.225655809045)
      (matrix   -0.071245  0.997459  0.000002  0.000000
                 0.000001 -0.000002  1.000000  0.000000
                 0.997459  0.071245 -0.000001  0.000000
                 0.000000  0.000000  0.000000  1.000000)
      (quat      0.481859 0.481860 0.517505 0.517505)
      (euler     90.000046 -0.000100 94.085472)
     )

    (bone
      (name      "LowerThumb.R")
      (children  "Thumb.R")
      (parent    "Hand.R")
      (head      0.018833 -0.247973 -0.030859)
      (length    0.18653345108)
      (matrix    0.641058 -0.448956  0.622481  0.000000
                 0.720677  0.631055 -0.287045  0.000000
                -0.263949  0.632620  0.728095  0.000000
                 0.000000  0.000000  0.000000  1.000000)
      (quat      0.866055 -0.265475 -0.255881 -0.337632)
      (euler     -21.516390 -38.497547 -35.004948)
     )

    ;; ignoring bone: IK_Arm.L

    (bone
      (name      "Thumb.L")
      (children )
      (parent    "LowerThumb.L")
      (head      0.000000 -0.000000 0.000000)
      (length    0.124689802527)
      (matrix    0.802273 -0.596653 -0.019055  0.000000
                 0.568549  0.753975  0.329049  0.000000
                -0.181961 -0.274821  0.944120  0.000000
                 0.000000  0.000000  0.000000  1.000000)
      (quat      0.935464 0.161383 -0.043536 -0.311397)
      (euler     19.214701 1.091854 -36.638298)
     )

    (bone
      (name      "Forearm.L")
      (children  "ArmNull.L" "Hand.L")
      (parent    "Upper Arm.L")
      (head      0.000000 0.000000 0.000000)
      (length    0.527911424637)
      (matrix    0.999244 -0.013579  0.036439  0.000000
                 0.012327  0.999333  0.034372  0.000000
                -0.036882 -0.033897  0.998745  0.000000
                 0.000000  0.000000  0.000000  1.000000)
      (quat      0.999665 0.017073 -0.018336 -0.006479)
      (euler     1.971080 -2.088271 -0.778577)
     )

    (bone
      (name      "Forearm.R")
      (children  "ArmNull.R" "Hand.R")
      (parent    "Upper Arm.R")
      (head      0.000000 0.000000 0.000000)
      (length    0.52791339159)
      (matrix    0.999244  0.013580 -0.036439  0.000000
                -0.012328  0.999333  0.034372  0.000000
                 0.036881 -0.033897  0.998745  0.000000
                 0.000000  0.000000  0.000000  1.000000)
      (quat      0.999665 0.017073 0.018336 0.006479)
      (euler     1.971067 2.088254 0.778619)
     )

    ;; ignoring bone: IK_Arm.R

    (bone
      (name      "LowerThumb.L")
      (children  "Thumb.L")
      (parent    "Hand.L")
      (head      -0.018833 -0.247972 -0.030859)
      (length    0.186534255743)
      (matrix    0.641059  0.448958 -0.622479  0.000000
                -0.720678  0.631053 -0.287046  0.000000
                 0.263946  0.632620  0.728096  0.000000
                 0.000000  0.000000  0.000000  1.000000)
      (quat      0.866055 -0.265475 0.255880 0.337633)
      (euler     -21.516422 38.497414 35.005035)
     )

    (bone
      (name      "ArmNull.L")
      (children )
      (parent    "Forearm.L")
      (head      0.000000 0.000000 0.000000)
      (length    0.225656166673)
      (matrix   -0.071246 -0.997459 -0.000002  0.000000
                -0.000001 -0.000002  1.000000  0.000000
                -0.997459  0.071246 -0.000001  0.000000
                 0.000000  0.000000  0.000000  1.000000)
      (quat      0.481859 0.481860 -0.517505 -0.517505)
      (euler     90.000053 0.000107 -94.085587)
     )

    (bone
      (name      "Lower Leg.R")
      (children  "Foot.R" "LegNull.R")
      (parent    "Upper Leg.R")
      (head      -0.000000 0.000000 0.000000)
      (length    0.840111792088)
      (matrix    0.999287  0.025254  0.028077  0.000000
                -0.028426  0.992486  0.119012  0.000000
                -0.024860 -0.119725  0.992496  0.000000
                 0.000000  0.000000  0.000000  1.000000)
      (quat      0.998032 0.059802 -0.013260 0.013446)
      (euler     6.837786 -1.608881 1.447677)
     )

    (bone
      (name      "Upper Leg.L")
      (children  "Lower Leg.L")
      (parent    "Hip.L")
      (head      0.000384 0.012505 -0.020905)
      (length    0.87877124548)
      (matrix    0.491187 -0.626029 -0.605659  0.000000
                 0.550238  0.762022 -0.341411  0.000000
                 0.675259 -0.165560  0.718760  0.000000
                 0.000000  0.000000  0.000000  1.000000)
      (quat      0.861970 -0.051003 0.371509 -0.341157)
      (euler     -25.407711 37.276279 -51.882030)
     )

  ) ;; bones
 ) ;; armature
