;; -*- scheme -*-
(armature
  (name "Armature.002")
  (bones
    (bone
      (name      "Bone.010")
      (children )
      (parent    "Bone.009")
      (head      0.000000 0.000000 0.000000)
      (length    0.643892884254)
      (matrix   -0.123724 -0.992317  0.000001  0.000000
                 0.992317 -0.123724  0.000000  0.000000
                -0.000000  0.000001  1.000000  0.000000
                 0.000000  0.000000  0.000000  1.000000)
      (quat      0.000000 0.000000 0.749575 0.661920)
      (euler     0.000032 0.000001 97.107079)
     )

    (bone
      (name      "Bone.004")
      (children  "Bone.008")
      (parent    "Bone.017")
      (head      0.120711 -0.025305 0.000000)
      (length    0.669082939625)
      (matrix   -0.798968  0.601373 -0.000000  0.000000
                -0.601373 -0.798968 -0.000000  0.000000
                -0.000000  0.000000  1.000000  0.000000
                 0.000000  0.000000  0.000000  1.000000)
      (quat      0.000000 0.000000 -0.948411 0.317042)
      (euler     0.000004 0.000012 -143.031693)
     )

    (bone
      (name      "Bone.007")
      (children )
      (parent    "Bone.006")
      (head      -0.000000 0.000000 0.000000)
      (length    0.412145078182)
      (matrix    0.089845  0.995956 -0.000002  0.000000
                -0.995956  0.089845  0.000000  0.000000
                 0.000000  0.000002  1.000000  0.000000
                 0.000000  0.000000  0.000000  1.000000)
      (quat      0.000001 -0.000001 -0.674594 0.738189)
      (euler     0.000125 -0.000012 -84.845291)
     )

    (bone
      (name      "Bone.006")
      (children  "Bone.007")
      (parent    "Bone.005")
      (head      0.000000 0.000000 0.000000)
      (length    0.460424602032)
      (matrix    0.975521 -0.219906  0.000003  0.000000
                 0.219906  0.975521  0.000000  0.000000
                -0.000003  0.000000  1.000000  0.000000
                 0.000000  0.000000  0.000000  1.000000)
      (quat      -0.000000 0.000001 0.110632 0.993861)
      (euler     0.000007 0.000158 12.703509)
     )

    (bone
      (name      "Bone.016")
      (children )
      (parent    "Bone.015")
      (head      0.000000 0.000000 0.000000)
      (length    0.380072444677)
      (matrix   -0.162390 -0.986727 -0.000000  0.000000
                 0.986727 -0.162390 -0.000000  0.000000
                 0.000000 -0.000000  1.000000  0.000000
                 0.000000  0.000000  0.000000  1.000000)
      (quat      -0.000000 -0.000000 0.762361 0.647151)
      (euler     -0.000003 -0.000000 99.345650)
     )

    (bone
      (name      "Bone.008")
      (children  "Bone.009")
      (parent    "Bone.004")
      (head      -0.000000 0.000000 0.000000)
      (length    0.534853696823)
      (matrix    0.817942  0.575301  0.000002  0.000000
                -0.575301  0.817942 -0.000002  0.000000
                -0.000003  0.000000  1.000000  0.000000
                 0.000000  0.000000  0.000000  1.000000)
      (quat      0.000000 0.000001 -0.301710 0.953400)
      (euler     0.000006 0.000148 -35.120697)
     )

    (bone
      (name      "Bone.009")
      (children  "Bone.010")
      (parent    "Bone.008")
      (head      -0.000000 0.000000 0.000000)
      (length    0.528390049934)
      (matrix    0.984875  0.173265 -0.000003  0.000000
                -0.173265  0.984875  0.000000  0.000000
                 0.000003  0.000000  1.000000  0.000000
                 0.000000  0.000000  0.000000  1.000000)
      (quat      0.000000 -0.000002 -0.086962 0.996212)
      (euler     0.000027 -0.000188 -9.977681)
     )

    (bone
      (name      "Bone.015")
      (children  "Bone.016")
      (parent    "Bone")
      (head      0.000000 0.000000 0.000000)
      (length    0.392938047647)
      (matrix    0.994743  0.102400  0.000000  0.000000
                -0.102400  0.994743  0.000000  0.000000
                 0.000000 -0.000000  1.000000  0.000000
                 0.000000  0.000000  0.000000  1.000000)
      (quat      -0.000000 0.000000 -0.051267 0.998685)
      (euler     -0.000003 -0.000000 -5.877396)
     )

    (bone
      (name      "Bone.005")
      (children  "Bone.006")
      (parent    "Bone.003")
      (head      0.000000 0.000000 0.000000)
      (length    0.571729123592)
      (matrix    0.782333 -0.622860 -0.000000  0.000000
                 0.622860  0.782333 -0.000000  0.000000
                 0.000001  0.000000  1.000000  0.000000
                 0.000000  0.000000  0.000000  1.000000)
      (quat      0.000000 -0.000000 0.329899 0.944016)
      (euler     0.000003 -0.000030 38.525307)
     )

    (bone
      (name      "Bone.012")
      (children )
      (parent    "Bone.011")
      (head      0.000000 0.000000 0.000000)
      (length    0.673586189747)
      (matrix    0.962826  0.270121  0.000000  0.000000
                -0.270121  0.962826  0.000000  0.000000
                -0.000000 -0.000000  1.000000  0.000000
                 0.000000  0.000000  0.000000  1.000000)
      (quat      -0.000000 0.000000 -0.136333 0.990663)
      (euler     -0.000007 0.000016 -15.671446)
     )

    (bone
      (name      "Bone.013")
      (children  "Bone.014")
      (parent    "Bone.001")
      (head      -0.000000 0.000000 0.000000)
      (length    0.552089571953)
      (matrix    0.497525  0.867449  0.000000  0.000000
                -0.867449  0.497525 -0.000000  0.000000
                -0.000000  0.000000  1.000000  0.000000
                 0.000000  0.000000  0.000000  1.000000)
      (quat      0.000000 0.000000 -0.501236 0.865311)
      (euler     0.000006 0.000023 -60.163593)
     )

    (bone
      (name      "Bone.001")
      (children  "Bone.013")
      (parent    "Bone")
      (head      0.000000 0.000000 0.000000)
      (length    0.780920624733)
      (matrix   -0.264986  0.964252 -0.000000  0.000000
                -0.964252 -0.264986 -0.000000  0.000000
                -0.000000  0.000000  1.000000  0.000000
                 0.000000  0.000000  0.000000  1.000000)
      (quat      0.000000 0.000000 -0.795294 0.606224)
      (euler     0.000003 0.000004 -105.366104)
     )

    (bone
      (name      "Bone.002")
      (children  "Bone.011")
      (parent    "Bone")
      (head      0.000000 0.000000 0.000000)
      (length    0.73281288147)
      (matrix   -0.290226 -0.956958  0.000000  0.000000
                 0.956958 -0.290226 -0.000000  0.000000
                 0.000000  0.000000  1.000000  0.000000
                 0.000000  0.000000  0.000000  1.000000)
      (quat      0.000000 -0.000000 0.803189 0.595724)
      (euler     0.000003 -0.000005 106.871460)
     )

    (bone
      (name      "Bone.003")
      (children  "Bone.005")
      (parent    "Bone.017")
      (head      -0.080474 -0.013809 -0.000000)
      (length    0.692165970802)
      (matrix   -0.664364 -0.747409  0.000000  0.000000
                 0.747409 -0.664364 -0.000000  0.000000
                 0.000000  0.000000  1.000000  0.000000
                 0.000000  0.000000  0.000000  1.000000)
      (quat      0.000000 0.000000 0.912240 0.409656)
      (euler     0.000000 -0.000000 131.633560)
     )

    (bone ;; a root bone
      (name      "Bone.017")
      (children  "Bone" "Bone.003" "Bone.004")
      (parent )
      (head      0.000000 0.979157 -0.000000)
      (length    0.259003162384)
      (matrix    1.000000  0.000000  0.000000  0.000000
                 0.000000  1.000000  0.000000  0.000000
                 0.000000  0.000000  1.000000  0.000000
                 0.000000  0.000000  0.000000  1.000000)
      (quat      0.000000 0.000000 0.000000 1.000000)
      (euler     0.000000 -0.000000 0.000000)
     )

    (bone
      (name      "Bone.011")
      (children  "Bone.012")
      (parent    "Bone.002")
      (head      0.000000 0.000000 0.000000)
      (length    0.563668251038)
      (matrix    0.479301 -0.877651 -0.000000  0.000000
                 0.877651  0.479301 -0.000000  0.000000
                 0.000000  0.000000  1.000000  0.000000
                 0.000000  0.000000  0.000000  1.000000)
      (quat      0.000000 -0.000000 0.510245 0.860029)
      (euler     0.000005 -0.000019 61.360249)
     )

    (bone
      (name      "Bone")
      (children  "Bone.001" "Bone.002" "Bone.015")
      (parent    "Bone.017")
      (head      0.000000 0.106902 -0.000000)
      (length    0.844800710678)
      (matrix    1.000000  0.000000  0.000000  0.000000
                 0.000000  1.000000  0.000000  0.000000
                 0.000000  0.000000  1.000000  0.000000
                 0.000000  0.000000  0.000000  1.000000)
      (quat      0.000000 0.000000 0.000000 1.000000)
      (euler     0.000000 -0.000000 0.000000)
     )

    (bone
      (name      "Bone.014")
      (children )
      (parent    "Bone.013")
      (head      -0.000000 0.000000 0.000000)
      (length    0.492631494999)
      (matrix    0.998603  0.052845  0.000000  0.000000
                -0.052845  0.998603 -0.000000  0.000000
                -0.000000  0.000000  1.000000  0.000000
                 0.000000  0.000000  0.000000  1.000000)
      (quat      0.000000 0.000000 -0.026432 0.999651)
      (euler     0.000001 0.000007 -3.029227)
     )

  ) ;; bones
 ) ;; armature
